0
447
498
406
500
-100
-100
0
-100
-100
0
64
80
1
-100
-100
0
-100
-100
0
-100
-100
0
-100
-100
0
-100
-100
0
-100
-100
0
-100
-100
0
-100
-100
0
-100
-100
0
-100
-100
0
-100
-100
0
-100
-100
0
-100
-100
0
-100
-100
0
-100
-100
0
-100
-100
0
-100
-100
0
-100
-100
0
64
96
2
96
96
1
128
96
1
-100
-100
0
-100
-100
0
-100
-100
0
-100
-100
0
288
96
2
-100
-100
0
-100
-100
0
-100
-100
0
-100
-100
0
448
96
1
-100
-100
0
-100
-100
0
-100
-100
0
-100
-100
0
-100
-100
0
32
112
2
64
112
4
96
112
4
128
112
4
160
112
2
192
112
4
224
112
4
256
112
4
288
112
4
320
112
4
-100
-100
0
-100
-100
0
416
112
2
448
112
4
-100
-100
0
-100
-100
0
-100
-100
0
576
112
2
-100
-100
0
-100
-100
0
64
128
1
96
128
1
128
128
1
160
128
1
192
128
1
224
128
1
256
128
1
288
128
1
320
128
1
352
128
1
-100
-100
0
-100
-100
0
-100
-100
0
-100
-100
0
-100
-100
0
-100
-100
0
-100
-100
0
0
144
4
32
144
1
64
144
1
96
144
4
128
144
4
160
144
2
192
144
1
224
144
1
256
144
4
288
144
2
320
144
2
352
144
1
384
144
4
416
144
2
448
144
4
480
144
1
512
144
4
544
144
4
576
144
4
0
160
2
32
160
4
64
160
1
96
160
2
128
160
2
160
160
4
192
160
1
224
160
2
256
160
4
288
160
1
320
160
2
352
160
4
384
160
1
416
160
4
448
160
4
480
160
1
512
160
1
544
160
4
576
160
4
0
176
2
32
176
1
64
176
4
96
176
4
128
176
4
160
176
2
192
176
1
224
176
1
256
176
1
288
176
1
320
176
2
352
176
4
384
176
2
416
176
2
448
176
2
480
176
1
512
176
2
544
176
4
576
176
2
0
192
4
32
192
1
64
192
2
96
192
4
128
192
4
160
192
4
192
192
2
224
192
2
256
192
1
288
192
1
320
192
1
352
192
1
384
192
1
416
192
2
448
192
1
480
192
1
512
192
4
544
192
4
576
192
4
